80160 0.00020594
240500 0.00000716
240520 0.00013804
240530 0.00001565
240540 0.00000390
260540 0.00001300
260560 0.00020407
260570 0.00000471
260580 0.00000063
280580 0.00006169
280600 0.00002376
280610 0.00000103
280620 0.00000329
280640 0.00000084
400900 0.08318395
400910 0.01814041
400920 0.02772798
400940 0.02809985
400960 0.00452702
501120 0.00002317
501140 0.00001553
501150 0.00000812
501160 0.00034735
501170 0.00018347
501180 0.00057859
501190 0.00020497
501200 0.00077854
501220 0.00011061
501240 0.00013832
