80160 0.00022232
240500 0.00000773
240520 0.00014903
240530 0.00001690
240540 0.00000421
260540 0.00001403
260560 0.00022031
260570 0.00000509
260580 0.00000068
280580 0.00006659
280600 0.00002565
280610 0.00000112
280620 0.00000355
280640 0.00000091
400900 0.08980131
400910 0.01958349
400920 0.02993377
400940 0.03033521
400960 0.00488715
501120 0.00002502
501140 0.00001676
501150 0.00000877
501160 0.00037498
501170 0.00019806
501180 0.00062462
501190 0.00022127
501200 0.00084048
501220 0.00011940
501240 0.00014932
